3D Contour Integration Errors
Generated on: 2025-03-21 23:11:22
        Beta       N_poles         Error
------------  ------------  ------------
1.000000e+00  1.000000e+00  7.935464e-01
1.000000e+00  2.000000e+00  2.012536e-01
1.000000e+00  3.000000e+00  4.991521e-02
1.000000e+00  4.000000e+00  1.822011e-02
1.000000e+00  5.000000e+00  3.482135e-03
1.000000e+00  6.000000e+00  7.498262e-04
1.000000e+00  7.000000e+00  2.522150e-04
1.000000e+00  8.000000e+00  6.538349e-05
1.000000e+00  9.000000e+00  1.492629e-05
1.000000e+00  1.000000e+01  3.938565e-06
1.000000e+00  1.100000e+01  7.383561e-07
1.000000e+00  1.200000e+01  1.933169e-07
1.000000e+00  1.300000e+01  6.691101e-08
1.000000e+00  1.400000e+01  1.686190e-08
1.000000e+00  1.500000e+01  3.913557e-09
1.000000e+00  1.600000e+01  8.998771e-10
1.000000e+00  1.700000e+01  1.840152e-10
1.000000e+00  1.800000e+01  4.933895e-11
1.000000e+00  1.900000e+01  1.608110e-11
1.000000e+00  2.000000e+01  3.556180e-12
1.000000e+00  2.100000e+01  1.092949e-12
1.000000e+00  2.200000e+01  3.996071e-13
1.000000e+00  2.300000e+01  1.538156e-13
1.000000e+00  2.400000e+01  1.957461e-13
1.000000e+00  2.500000e+01  1.532128e-13
1.000000e+00  2.600000e+01  2.432863e-13
1.000000e+00  2.700000e+01  2.066546e-13
1.000000e+00  2.800000e+01  1.870194e-13
1.000000e+00  2.900000e+01  1.858472e-13
1.000000e+00  3.000000e+01  1.799907e-13
1.000000e+00  3.100000e+01  1.726545e-13
1.000000e+00  3.200000e+01  1.663433e-13
1.000000e+00  3.300000e+01  1.626089e-13
1.000000e+00  3.400000e+01  1.911245e-13
1.000000e+00  3.500000e+01  1.670094e-13
1.000000e+00  3.600000e+01  1.636718e-13
1.000000e+00  3.700000e+01  1.605568e-13
1.000000e+00  3.800000e+01  1.633830e-13
1.000000e+00  3.900000e+01  1.852689e-13
1.000000e+00  4.000000e+01  1.712596e-13
1.000000e+00  4.100000e+01  1.773717e-13
1.000000e+00  4.200000e+01  1.583357e-13
1.000000e+00  4.300000e+01  1.799151e-13
1.000000e+00  4.400000e+01  1.682355e-13
1.000000e+00  4.500000e+01  2.156485e-13
1.000000e+00  4.600000e+01  2.156985e-13
1.000000e+00  4.700000e+01  1.637011e-13
1.000000e+00  4.800000e+01  1.767860e-13
1.000000e+00  4.900000e+01  1.664652e-13
1.000000e+00  5.000000e+01  1.760959e-13
1.000000e+00  5.100000e+01  1.661057e-13
1.000000e+00  5.200000e+01  1.577064e-13
1.000000e+00  5.300000e+01  1.658451e-13
1.000000e+00  5.400000e+01  1.760852e-13
1.000000e+00  5.500000e+01  1.700506e-13
1.000000e+00  5.600000e+01  1.574364e-13
1.000000e+00  5.700000e+01  1.685883e-13
1.000000e+00  5.800000e+01  1.677472e-13
1.000000e+00  5.900000e+01  1.741348e-13
1.000000e+00  6.000000e+01  1.714039e-13
2.000000e+00  1.000000e+00  1.279515e+00
2.000000e+00  2.000000e+00  2.988521e-01
2.000000e+00  3.000000e+00  1.453856e-01
2.000000e+00  4.000000e+00  3.470517e-02
2.000000e+00  5.000000e+00  1.286364e-02
2.000000e+00  6.000000e+00  4.684096e-03
2.000000e+00  7.000000e+00  1.005713e-03
2.000000e+00  8.000000e+00  3.993180e-04
2.000000e+00  9.000000e+00  1.263536e-04
2.000000e+00  1.000000e+01  4.562130e-05
2.000000e+00  1.100000e+01  9.898553e-06
2.000000e+00  1.200000e+01  3.316923e-06
2.000000e+00  1.300000e+01  1.368550e-06
2.000000e+00  1.400000e+01  4.059372e-07
2.000000e+00  1.500000e+01  1.260192e-07
2.000000e+00  1.600000e+01  3.169131e-08
2.000000e+00  1.700000e+01  1.153607e-08
2.000000e+00  1.800000e+01  3.879701e-09
2.000000e+00  1.900000e+01  1.626325e-09
2.000000e+00  2.000000e+01  8.184692e-10
2.000000e+00  2.100000e+01  6.841068e-10
2.000000e+00  2.200000e+01  4.300672e-10
2.000000e+00  2.300000e+01  4.062584e-10
2.000000e+00  2.400000e+01  3.392015e-10
2.000000e+00  2.500000e+01  3.064993e-10
2.000000e+00  2.600000e+01  2.400758e-10
2.000000e+00  2.700000e+01  1.009396e-10
2.000000e+00  2.800000e+01  2.748858e-10
2.000000e+00  2.900000e+01  7.873234e-10
2.000000e+00  3.000000e+01  6.908073e-10
2.000000e+00  3.100000e+01  7.192525e-10
2.000000e+00  3.200000e+01  7.439465e-10
2.000000e+00  3.300000e+01  6.199881e-10
2.000000e+00  3.400000e+01  5.199303e-10
2.000000e+00  3.500000e+01  8.129223e-10
2.000000e+00  3.600000e+01  8.872317e-10
2.000000e+00  3.700000e+01  7.528926e-11
2.000000e+00  3.800000e+01  9.913140e-11
2.000000e+00  3.900000e+01  1.173155e-10
2.000000e+00  4.000000e+01  2.551169e-10
2.000000e+00  4.100000e+01  3.335986e-10
2.000000e+00  4.200000e+01  3.697568e-10
2.000000e+00  4.300000e+01  4.814257e-10
2.000000e+00  4.400000e+01  3.596918e-10
2.000000e+00  4.500000e+01  3.762099e-10
2.000000e+00  4.600000e+01  3.130515e-10
2.000000e+00  4.700000e+01  3.031714e-10
2.000000e+00  4.800000e+01  3.215643e-10
2.000000e+00  4.900000e+01  5.432279e-10
2.000000e+00  5.000000e+01  4.210710e-10
2.000000e+00  5.100000e+01  1.127450e-10
2.000000e+00  5.200000e+01  4.151466e-10
2.000000e+00  5.300000e+01  1.734353e-10
2.000000e+00  5.400000e+01  5.276307e-10
2.000000e+00  5.500000e+01  4.786083e-10
2.000000e+00  5.600000e+01  5.419600e-10
2.000000e+00  5.700000e+01  6.136000e-10
2.000000e+00  5.800000e+01  6.229988e-10
2.000000e+00  5.900000e+01  6.269336e-10
2.000000e+00  6.000000e+01  6.852246e-10
4.000000e+00  1.000000e+00  1.328202e+00
4.000000e+00  2.000000e+00  4.842369e-01
4.000000e+00  3.000000e+00  2.219151e-01
4.000000e+00  4.000000e+00  7.560501e-02
4.000000e+00  5.000000e+00  3.123894e-02
4.000000e+00  6.000000e+00  9.396157e-03
4.000000e+00  7.000000e+00  4.655582e-03
4.000000e+00  8.000000e+00  1.277182e-03
4.000000e+00  9.000000e+00  5.619899e-04
4.000000e+00  1.000000e+01  2.278078e-04
4.000000e+00  1.100000e+01  7.322280e-05
4.000000e+00  1.200000e+01  2.444091e-05
4.000000e+00  1.300000e+01  1.216687e-05
4.000000e+00  1.400000e+01  3.472495e-06
4.000000e+00  1.500000e+01  1.209454e-06
4.000000e+00  1.600000e+01  4.989283e-07
4.000000e+00  1.700000e+01  2.174265e-07
4.000000e+00  1.800000e+01  6.576029e-08
4.000000e+00  1.900000e+01  2.320997e-08
4.000000e+00  2.000000e+01  8.167278e-09
4.000000e+00  2.100000e+01  4.617127e-09
4.000000e+00  2.200000e+01  2.848022e-09
4.000000e+00  2.300000e+01  2.713395e-09
4.000000e+00  2.400000e+01  2.748300e-09
4.000000e+00  2.500000e+01  2.721643e-09
4.000000e+00  2.600000e+01  2.719807e-09
4.000000e+00  2.700000e+01  2.733339e-09
4.000000e+00  2.800000e+01  2.754752e-09
4.000000e+00  2.900000e+01  2.691873e-09
4.000000e+00  3.000000e+01  2.746568e-09
4.000000e+00  3.100000e+01  2.699925e-09
4.000000e+00  3.200000e+01  2.743691e-09
4.000000e+00  3.300000e+01  2.730101e-09
4.000000e+00  3.400000e+01  2.740914e-09
4.000000e+00  3.500000e+01  2.720015e-09
4.000000e+00  3.600000e+01  2.719380e-09
4.000000e+00  3.700000e+01  3.041540e-09
4.000000e+00  3.800000e+01  2.728059e-09
4.000000e+00  3.900000e+01  2.750795e-09
4.000000e+00  4.000000e+01  2.760415e-09
4.000000e+00  4.100000e+01  2.712816e-09
4.000000e+00  4.200000e+01  2.856737e-09
4.000000e+00  4.300000e+01  2.871802e-09
4.000000e+00  4.400000e+01  2.741841e-09
4.000000e+00  4.500000e+01  2.743299e-09
4.000000e+00  4.600000e+01  2.732806e-09
4.000000e+00  4.700000e+01  2.723388e-09
4.000000e+00  4.800000e+01  2.797904e-09
4.000000e+00  4.900000e+01  2.739733e-09
4.000000e+00  5.000000e+01  2.729453e-09
4.000000e+00  5.100000e+01  2.733993e-09
4.000000e+00  5.200000e+01  2.730930e-09
4.000000e+00  5.300000e+01  2.829205e-09
4.000000e+00  5.400000e+01  2.914564e-09
4.000000e+00  5.500000e+01  2.737935e-09
4.000000e+00  5.600000e+01  2.751773e-09
4.000000e+00  5.700000e+01  2.753013e-09
4.000000e+00  5.800000e+01  2.714888e-09
4.000000e+00  5.900000e+01  2.774720e-09
4.000000e+00  6.000000e+01  2.808465e-09
8.000000e+00  1.000000e+00  1.205641e+00
8.000000e+00  2.000000e+00  6.452776e-01
8.000000e+00  3.000000e+00  2.839789e-01
8.000000e+00  4.000000e+00  1.364142e-01
8.000000e+00  5.000000e+00  4.856117e-02
8.000000e+00  6.000000e+00  2.605062e-02
8.000000e+00  7.000000e+00  8.249337e-03
8.000000e+00  8.000000e+00  4.561452e-03
8.000000e+00  9.000000e+00  1.446943e-03
8.000000e+00  1.000000e+01  7.011622e-04
8.000000e+00  1.100000e+01  2.990241e-04
8.000000e+00  1.200000e+01  1.097389e-04
8.000000e+00  1.300000e+01  5.783529e-05
8.000000e+00  1.400000e+01  1.738272e-05
8.000000e+00  1.500000e+01  8.975037e-06
8.000000e+00  1.600000e+01  3.835887e-06
8.000000e+00  1.700000e+01  1.329566e-06
8.000000e+00  1.800000e+01  6.223162e-07
8.000000e+00  1.900000e+01  2.914668e-07
8.000000e+00  2.000000e+01  1.050967e-07
8.000000e+00  2.100000e+01  3.919061e-08
8.000000e+00  2.200000e+01  2.196152e-08
8.000000e+00  2.300000e+01  8.750960e-09
8.000000e+00  2.400000e+01  4.895638e-09
8.000000e+00  2.500000e+01  4.085200e-09
8.000000e+00  2.600000e+01  3.909297e-09
8.000000e+00  2.700000e+01  3.858969e-09
8.000000e+00  2.800000e+01  3.845812e-09
8.000000e+00  2.900000e+01  3.858676e-09
8.000000e+00  3.000000e+01  3.839731e-09
8.000000e+00  3.100000e+01  3.843568e-09
8.000000e+00  3.200000e+01  3.982004e-09
8.000000e+00  3.300000e+01  3.858461e-09
8.000000e+00  3.400000e+01  3.841126e-09
8.000000e+00  3.500000e+01  3.842987e-09
8.000000e+00  3.600000e+01  3.888724e-09
8.000000e+00  3.700000e+01  3.845514e-09
8.000000e+00  3.800000e+01  3.844066e-09
8.000000e+00  3.900000e+01  3.843537e-09
8.000000e+00  4.000000e+01  3.845044e-09
8.000000e+00  4.100000e+01  3.843078e-09
8.000000e+00  4.200000e+01  3.845418e-09
8.000000e+00  4.300000e+01  3.843409e-09
8.000000e+00  4.400000e+01  3.842841e-09
8.000000e+00  4.500000e+01  3.840323e-09
8.000000e+00  4.600000e+01  3.840796e-09
8.000000e+00  4.700000e+01  3.912456e-09
8.000000e+00  4.800000e+01  3.840328e-09
8.000000e+00  4.900000e+01  3.838948e-09
8.000000e+00  5.000000e+01  3.840929e-09
8.000000e+00  5.100000e+01  3.867454e-09
8.000000e+00  5.200000e+01  3.843594e-09
8.000000e+00  5.300000e+01  3.838951e-09
8.000000e+00  5.400000e+01  3.842645e-09
8.000000e+00  5.500000e+01  3.877706e-09
8.000000e+00  5.600000e+01  3.840254e-09
8.000000e+00  5.700000e+01  3.839104e-09
8.000000e+00  5.800000e+01  3.842033e-09
8.000000e+00  5.900000e+01  3.841571e-09
8.000000e+00  6.000000e+01  3.842220e-09
1.600000e+01  1.000000e+00  1.314293e+00
1.600000e+01  2.000000e+00  7.792512e-01
1.600000e+01  3.000000e+00  3.675474e-01
1.600000e+01  4.000000e+00  1.909969e-01
1.600000e+01  5.000000e+00  8.800121e-02
1.600000e+01  6.000000e+00  3.806614e-02
1.600000e+01  7.000000e+00  1.936643e-02
1.600000e+01  8.000000e+00  7.638411e-03
1.600000e+01  9.000000e+00  4.346387e-03
1.600000e+01  1.000000e+01  1.658454e-03
1.600000e+01  1.100000e+01  8.233204e-04
1.600000e+01  1.200000e+01  3.579838e-04
1.600000e+01  1.300000e+01  1.735331e-04
1.600000e+01  1.400000e+01  7.490720e-05
1.600000e+01  1.500000e+01  3.744070e-05
1.600000e+01  1.600000e+01  1.673499e-05
1.600000e+01  1.700000e+01  7.376872e-06
1.600000e+01  1.800000e+01  3.866927e-06
1.600000e+01  1.900000e+01  1.453439e-06
1.600000e+01  2.000000e+01  7.819611e-07
1.600000e+01  2.100000e+01  3.522633e-07
1.600000e+01  2.200000e+01  1.454116e-07
1.600000e+01  2.300000e+01  7.843132e-08
1.600000e+01  2.400000e+01  3.274539e-08
1.600000e+01  2.500000e+01  1.417018e-08
1.600000e+01  2.600000e+01  8.191017e-09
1.600000e+01  2.700000e+01  4.600158e-09
1.600000e+01  2.800000e+01  3.869073e-09
1.600000e+01  2.900000e+01  3.790843e-09
1.600000e+01  3.000000e+01  3.767122e-09
1.600000e+01  3.100000e+01  3.859636e-09
1.600000e+01  3.200000e+01  3.767927e-09
1.600000e+01  3.300000e+01  3.772183e-09
1.600000e+01  3.400000e+01  3.839598e-09
1.600000e+01  3.500000e+01  3.773008e-09
1.600000e+01  3.600000e+01  3.769707e-09
1.600000e+01  3.700000e+01  4.000585e-09
1.600000e+01  3.800000e+01  3.772263e-09
1.600000e+01  3.900000e+01  3.781645e-09
1.600000e+01  4.000000e+01  3.962558e-09
1.600000e+01  4.100000e+01  3.771389e-09
1.600000e+01  4.200000e+01  3.754604e-09
1.600000e+01  4.300000e+01  3.947413e-09
1.600000e+01  4.400000e+01  3.771820e-09
1.600000e+01  4.500000e+01  3.771283e-09
1.600000e+01  4.600000e+01  3.824794e-09
1.600000e+01  4.700000e+01  3.773946e-09
1.600000e+01  4.800000e+01  3.751333e-09
1.600000e+01  4.900000e+01  3.819252e-09
1.600000e+01  5.000000e+01  3.772981e-09
1.600000e+01  5.100000e+01  3.784966e-09
1.600000e+01  5.200000e+01  3.807779e-09
1.600000e+01  5.300000e+01  3.765831e-09
1.600000e+01  5.400000e+01  3.771036e-09
1.600000e+01  5.500000e+01  3.807046e-09
1.600000e+01  5.600000e+01  3.770199e-09
1.600000e+01  5.700000e+01  3.758767e-09
1.600000e+01  5.800000e+01  3.804471e-09
1.600000e+01  5.900000e+01  3.777359e-09
1.600000e+01  6.000000e+01  3.750643e-09
3.200000e+01  1.000000e+00  1.540768e+00
3.200000e+01  2.000000e+00  9.036469e-01
3.200000e+01  3.000000e+00  4.493346e-01
3.200000e+01  4.000000e+00  2.478090e-01
3.200000e+01  5.000000e+00  1.264248e-01
3.200000e+01  6.000000e+00  6.175135e-02
3.200000e+01  7.000000e+00  3.046717e-02
3.200000e+01  8.000000e+00  1.585861e-02
3.200000e+01  9.000000e+00  7.184558e-03
3.200000e+01  1.000000e+01  4.196578e-03
3.200000e+01  1.100000e+01  1.834683e-03
3.200000e+01  1.200000e+01  9.682831e-04
3.200000e+01  1.300000e+01  4.627644e-04
3.200000e+01  1.400000e+01  2.327018e-04
3.200000e+01  1.500000e+01  1.112137e-04
3.200000e+01  1.600000e+01  5.938182e-05
3.200000e+01  1.700000e+01  2.659666e-05
3.200000e+01  1.800000e+01  1.457747e-05
3.200000e+01  1.900000e+01  6.633308e-06
3.200000e+01  2.000000e+01  3.685005e-06
3.200000e+01  2.100000e+01  1.552198e-06
3.200000e+01  2.200000e+01  9.044405e-07
3.200000e+01  2.300000e+01  3.930692e-07
3.200000e+01  2.400000e+01  2.122474e-07
3.200000e+01  2.500000e+01  1.041269e-07
3.200000e+01  2.600000e+01  4.732519e-08
3.200000e+01  2.700000e+01  2.632749e-08
3.200000e+01  2.800000e+01  1.172693e-08
3.200000e+01  2.900000e+01  6.954119e-09
3.200000e+01  3.000000e+01  3.768695e-09
3.200000e+01  3.100000e+01  2.525319e-09
3.200000e+01  3.200000e+01  2.492283e-09
3.200000e+01  3.300000e+01  2.364290e-09
3.200000e+01  3.400000e+01  2.373081e-09
3.200000e+01  3.500000e+01  2.343941e-09
3.200000e+01  3.600000e+01  2.337097e-09
3.200000e+01  3.700000e+01  2.340335e-09
3.200000e+01  3.800000e+01  2.334913e-09
3.200000e+01  3.900000e+01  2.354993e-09
3.200000e+01  4.000000e+01  2.336742e-09
3.200000e+01  4.100000e+01  2.338967e-09
3.200000e+01  4.200000e+01  2.336510e-09
3.200000e+01  4.300000e+01  2.325238e-09
3.200000e+01  4.400000e+01  2.345961e-09
3.200000e+01  4.500000e+01  2.343550e-09
3.200000e+01  4.600000e+01  2.403783e-09
3.200000e+01  4.700000e+01  2.335555e-09
3.200000e+01  4.800000e+01  2.335602e-09
3.200000e+01  4.900000e+01  2.350050e-09
3.200000e+01  5.000000e+01  2.333259e-09
3.200000e+01  5.100000e+01  2.335095e-09
3.200000e+01  5.200000e+01  2.334796e-09
3.200000e+01  5.300000e+01  2.349943e-09
3.200000e+01  5.400000e+01  2.348662e-09
3.200000e+01  5.500000e+01  2.333870e-09
3.200000e+01  5.600000e+01  2.333151e-09
3.200000e+01  5.700000e+01  2.334651e-09
3.200000e+01  5.800000e+01  2.360022e-09
3.200000e+01  5.900000e+01  2.349401e-09
3.200000e+01  6.000000e+01  2.329529e-09
6.400000e+01  1.000000e+00  1.622075e+00
6.400000e+01  2.000000e+00  9.914032e-01
6.400000e+01  3.000000e+00  5.192492e-01
6.400000e+01  4.000000e+00  3.045851e-01
6.400000e+01  5.000000e+00  1.630058e-01
6.400000e+01  6.000000e+00  8.953853e-02
6.400000e+01  7.000000e+00  4.689207e-02
6.400000e+01  8.000000e+00  2.581619e-02
6.400000e+01  9.000000e+00  1.369930e-02
6.400000e+01  1.000000e+01  6.896056e-03
6.400000e+01  1.100000e+01  4.005910e-03
6.400000e+01  1.200000e+01  1.941026e-03
6.400000e+01  1.300000e+01  1.089822e-03
6.400000e+01  1.400000e+01  5.576938e-04
6.400000e+01  1.500000e+01  2.955482e-04
6.400000e+01  1.600000e+01  1.557046e-04
6.400000e+01  1.700000e+01  7.714165e-05
6.400000e+01  1.800000e+01  4.388017e-05
6.400000e+01  1.900000e+01  2.138704e-05
6.400000e+01  2.000000e+01  1.236266e-05
6.400000e+01  2.100000e+01  6.065254e-06
6.400000e+01  2.200000e+01  3.580426e-06
6.400000e+01  2.300000e+01  1.661583e-06
6.400000e+01  2.400000e+01  1.001682e-06
6.400000e+01  2.500000e+01  4.599637e-07
6.400000e+01  2.600000e+01  2.733330e-07
6.400000e+01  2.700000e+01  1.303411e-07
6.400000e+01  2.800000e+01  7.650081e-08
6.400000e+01  2.900000e+01  3.625752e-08
6.400000e+01  3.000000e+01  2.154359e-08
6.400000e+01  3.100000e+01  1.040306e-08
6.400000e+01  3.200000e+01  5.936351e-09
6.400000e+01  3.300000e+01  3.860225e-09
6.400000e+01  3.400000e+01  3.164303e-09
6.400000e+01  3.500000e+01  2.510196e-09
6.400000e+01  3.600000e+01  2.307953e-09
6.400000e+01  3.700000e+01  2.292490e-09
6.400000e+01  3.800000e+01  2.325361e-09
6.400000e+01  3.900000e+01  2.244167e-09
6.400000e+01  4.000000e+01  2.268309e-09
6.400000e+01  4.100000e+01  2.243901e-09
6.400000e+01  4.200000e+01  2.246647e-09
6.400000e+01  4.300000e+01  2.191304e-09
6.400000e+01  4.400000e+01  2.282529e-09
6.400000e+01  4.500000e+01  2.153001e-09
6.400000e+01  4.600000e+01  2.255971e-09
6.400000e+01  4.700000e+01  2.194538e-09
6.400000e+01  4.800000e+01  2.233700e-09
6.400000e+01  4.900000e+01  2.266296e-09
6.400000e+01  5.000000e+01  2.235646e-09
6.400000e+01  5.100000e+01  2.276681e-09
6.400000e+01  5.200000e+01  2.253437e-09
6.400000e+01  5.300000e+01  2.319372e-09
6.400000e+01  5.400000e+01  2.195843e-09
6.400000e+01  5.500000e+01  2.262872e-09
6.400000e+01  5.600000e+01  2.153977e-09
6.400000e+01  5.700000e+01  2.222122e-09
6.400000e+01  5.800000e+01  2.155192e-09
6.400000e+01  5.900000e+01  2.233054e-09
6.400000e+01  6.000000e+01  2.237041e-09
1.280000e+02  1.000000e+00  1.576038e+00
1.280000e+02  2.000000e+00  1.051218e+00
1.280000e+02  3.000000e+00  6.023597e-01
1.280000e+02  4.000000e+00  3.610284e-01
1.280000e+02  5.000000e+00  2.212741e-01
1.280000e+02  6.000000e+00  1.218851e-01
1.280000e+02  7.000000e+00  6.901029e-02
1.280000e+02  8.000000e+00  3.737703e-02
1.280000e+02  9.000000e+00  2.133193e-02
1.280000e+02  1.000000e+01  1.213564e-02
1.280000e+02  1.100000e+01  6.492423e-03
1.280000e+02  1.200000e+01  3.866681e-03
1.280000e+02  1.300000e+01  2.025943e-03
1.280000e+02  1.400000e+01  1.191448e-03
1.280000e+02  1.500000e+01  6.280612e-04
1.280000e+02  1.600000e+01  3.483432e-04
1.280000e+02  1.700000e+01  1.921704e-04
1.280000e+02  1.800000e+01  1.087372e-04
1.280000e+02  1.900000e+01  6.240374e-05
1.280000e+02  2.000000e+01  3.486800e-05
1.280000e+02  2.100000e+01  1.859301e-05
1.280000e+02  2.200000e+01  1.062743e-05
1.280000e+02  2.300000e+01  5.549507e-06
1.280000e+02  2.400000e+01  3.375809e-06
1.280000e+02  2.500000e+01  1.715760e-06
1.280000e+02  2.600000e+01  1.090582e-06
1.280000e+02  2.700000e+01  5.308149e-07
1.280000e+02  2.800000e+01  3.221170e-07
1.280000e+02  2.900000e+01  1.678406e-07
1.280000e+02  3.000000e+01  9.551306e-08
1.280000e+02  3.100000e+01  5.405633e-08
1.280000e+02  3.200000e+01  2.947829e-08
1.280000e+02  3.300000e+01  1.721571e-08
1.280000e+02  3.400000e+01  9.081053e-09
1.280000e+02  3.500000e+01  5.036078e-09
1.280000e+02  3.600000e+01  2.870198e-09
1.280000e+02  3.700000e+01  1.471948e-09
1.280000e+02  3.800000e+01  9.337489e-10
1.280000e+02  3.900000e+01  4.108300e-10
1.280000e+02  4.000000e+01  2.960371e-10
1.280000e+02  4.100000e+01  1.617940e-10
1.280000e+02  4.200000e+01  1.045442e-10
1.280000e+02  4.300000e+01  1.569291e-10
1.280000e+02  4.400000e+01  5.013774e-11
1.280000e+02  4.500000e+01  1.622458e-10
1.280000e+02  4.600000e+01  4.242473e-11
1.280000e+02  4.700000e+01  1.615859e-10
1.280000e+02  4.800000e+01  5.255064e-11
1.280000e+02  4.900000e+01  1.624112e-10
1.280000e+02  5.000000e+01  4.609636e-11
1.280000e+02  5.100000e+01  1.585674e-10
1.280000e+02  5.200000e+01  4.086430e-11
1.280000e+02  5.300000e+01  1.487039e-10
1.280000e+02  5.400000e+01  2.973154e-11
1.280000e+02  5.500000e+01  1.454512e-10
1.280000e+02  5.600000e+01  2.026034e-11
1.280000e+02  5.700000e+01  1.432987e-10
1.280000e+02  5.800000e+01  6.594866e-11
1.280000e+02  5.900000e+01  1.321889e-10
1.280000e+02  6.000000e+01  3.923546e-11
2.560000e+02  1.000000e+00  1.379950e+00
2.560000e+02  2.000000e+00  1.108983e+00
2.560000e+02  3.000000e+00  6.793545e-01
2.560000e+02  4.000000e+00  4.227641e-01
2.560000e+02  5.000000e+00  2.645224e-01
2.560000e+02  6.000000e+00  1.517075e-01
2.560000e+02  7.000000e+00  9.049531e-02
2.560000e+02  8.000000e+00  5.327520e-02
2.560000e+02  9.000000e+00  3.050735e-02
2.560000e+02  1.000000e+01  1.815160e-02
2.560000e+02  1.100000e+01  1.081186e-02
2.560000e+02  1.200000e+01  6.177090e-03
2.560000e+02  1.300000e+01  3.806011e-03
2.560000e+02  1.400000e+01  2.094738e-03
2.560000e+02  1.500000e+01  1.264137e-03
2.560000e+02  1.600000e+01  6.926003e-04
2.560000e+02  1.700000e+01  4.114909e-04
2.560000e+02  1.800000e+01  2.397349e-04
2.560000e+02  1.900000e+01  1.430696e-04
2.560000e+02  2.000000e+01  8.068880e-05
2.560000e+02  2.100000e+01  4.777722e-05
2.560000e+02  2.200000e+01  2.722408e-05
2.560000e+02  2.300000e+01  1.606445e-05
2.560000e+02  2.400000e+01  9.483849e-06
2.560000e+02  2.500000e+01  5.260764e-06
2.560000e+02  2.600000e+01  3.289675e-06
2.560000e+02  2.700000e+01  1.757134e-06
2.560000e+02  2.800000e+01  1.147670e-06
2.560000e+02  2.900000e+01  6.091980e-07
2.560000e+02  3.000000e+01  3.673824e-07
2.560000e+02  3.100000e+01  2.143239e-07
2.560000e+02  3.200000e+01  1.230922e-07
2.560000e+02  3.300000e+01  7.541111e-08
2.560000e+02  3.400000e+01  4.057423e-08
2.560000e+02  3.500000e+01  2.392250e-08
2.560000e+02  3.600000e+01  1.441355e-08
2.560000e+02  3.700000e+01  8.040190e-09
2.560000e+02  3.800000e+01  4.722788e-09
2.560000e+02  3.900000e+01  2.792480e-09
2.560000e+02  4.000000e+01  1.557411e-09
2.560000e+02  4.100000e+01  1.018024e-09
2.560000e+02  4.200000e+01  7.033058e-10
2.560000e+02  4.300000e+01  5.657903e-10
2.560000e+02  4.400000e+01  5.011784e-10
2.560000e+02  4.500000e+01  4.909412e-10
2.560000e+02  4.600000e+01  4.790133e-10
2.560000e+02  4.700000e+01  4.401048e-10
2.560000e+02  4.800000e+01  4.730021e-10
2.560000e+02  4.900000e+01  4.800744e-10
2.560000e+02  5.000000e+01  4.701140e-10
2.560000e+02  5.100000e+01  5.947524e-10
2.560000e+02  5.200000e+01  4.655901e-10
2.560000e+02  5.300000e+01  5.529240e-10
2.560000e+02  5.400000e+01  4.487349e-10
2.560000e+02  5.500000e+01  5.050482e-10
2.560000e+02  5.600000e+01  4.852533e-10
2.560000e+02  5.700000e+01  4.675679e-10
2.560000e+02  5.800000e+01  4.695433e-10
2.560000e+02  5.900000e+01  4.727019e-10
2.560000e+02  6.000000e+01  4.631505e-10